MC settings
B=500, N=10000, Scenario=4, K=2

seed_start:
  [1]   1   2   3   4   5   6   7   8   9  10  11  12  13  14  15  16  17  18  19  20  21  22
 [23]  23  24  25  26  27  28  29  30  31  32  33  34  35  36  37  38  39  40  41  42  43  44
 [45]  45  46  47  48  49  50  51  52  53  54  55  56  57  58  59  60  61  62  63  64  65  66
 [67]  67  68  69  70  71  72  73  74  75  76  77  78  79  80  81  82  83  84  85  86  87  88
 [89]  89  90  91  92  93  94  95  96  97  98  99 100 101 102 103 104 105 106 107 108 109 110
[111] 111 112 113 114 115 116 117 118 119 120 121 122 123 124 125 126 127 128 129 130 131 132
[133] 133 134 135 136 137 138 139 140 141 142 143 144 145 146 147 148 149 150 151 152 153 154
[155] 155 156 157 158 159 160 161 162 163 164 165 166 167 168 169 170 171 172 173 174 175 176
[177] 177 178 179 180 181 182 183 184 185 186 187 188 189 190 191 192 193 194 195 196 197 198
[199] 199 200 201 202 203 204 205 206 207 208 209 210 211 212 213 214 215 216 217 218 219 220
[221] 221 222 223 224 225 226 227 228 229 230 231 232 233 234 235 236 237 238 239 240 241 242
[243] 243 244 245 246 247 248 249 250 251 252 253 254 255 256 257 258 259 260 261 262 263 264
[265] 265 266 267 268 269 270 271 272 273 274 275 276 277 278 279 280 281 282 283 284 285 286
[287] 287 288 289 290 291 292 293 294 295 296 297 298 299 300 301 302 303 304 305 306 307 308
[309] 309 310 311 312 313 314 315 316 317 318 319 320 321 322 323 324 325 326 327 328 329 330
[331] 331 332 333 334 335 336 337 338 339 340 341 342 343 344 345 346 347 348 349 350 351 352
[353] 353 354 355 356 357 358 359 360 361 362 363 364 365 366 367 368 369 370 371 372 373 374
[375] 375 376 377 378 379 380 381 382 383 384 385 386 387 388 389 390 391 392 393 394 395 396
[397] 397 398 399 400 401 402 403 404 405 406 407 408 409 410 411 412 413 414 415 416 417 418
[419] 419 420 421 422 423 424 425 426 427 428 429 430 431 432 433 434 435 436 437 438 439 440
[441] 441 442 443 444 445 446 447 448 449 450 451 452 453 454 455 456 457 458 459 460 461 462
[463] 463 464 465 466 467 468 469 470 471 472 473 474 475 476 477 478 479 480 481 482 483 484
[485] 485 486 487 488 489 490 491 492 493 494 495 496 497 498 499 500

seeds:
  [1]   1   2   3   4   5   6   7   8   9  10  11  12  13  14  15  16  17  18  19  20  21  22
 [23]  23  24  25  26  27  28  29  30  31  32  33  34  35  36  37  38  39  40  41  42  43  44
 [45]  45  46  47  48  49  50  51  52  53  54  55  56  57  58  59  60  61  62  63  64  65  66
 [67]  67  68  69  70  71  72  73  74  75  76  77  78  79  80  81  82  83  84  85  86  87  88
 [89]  89  90  91  92  93  94  95  96  97  98  99 100 101 102 103 104 105 106 107 108 109 110
[111] 111 112 113 114 115 116 117 118 119 120 121 122 123 124 125 126 127 128 129 130 131 132
[133] 133 134 135 136 137 138 139 140 141 142 143 144 145 146 147 148 149 150 151 152 153 154
[155] 155 156 157 158 159 160 161 162 163 164 165 166 167 168 169 170 171 172 173 174 175 176
[177] 177 178 179 180 181 182 183 184 185 186 187 188 189 190 191 192 193 194 195 196 197 198
[199] 199 200 201 202 203 204 205 206 207 208 209 210 211 212 213 214 215 216 217 218 219 220
[221] 221 222 223 224 225 226 227 228 229 230 231 232 233 234 235 236 237 238 239 240 241 242
[243] 243 244 245 246 247 248 249 250 251 252 253 254 255 256 257 258 259 260 261 262 263 264
[265] 265 266 267 268 269 270 271 272 273 274 275 276 277 278 279 280 281 282 283 284 285 286
[287] 287 288 289 290 291 292 293 294 295 296 297 298 299 300 301 302 303 304 305 306 307 308
[309] 309 310 311 312 313 314 315 316 317 318 319 320 321 322 323 324 325 326 327 328 329 330
[331] 331 332 333 334 335 336 337 338 339 340 341 342 343 344 345 346 347 348 349 350 351 352
[353] 353 354 355 356 357 358 359 360 361 362 363 364 365 366 367 368 369 370 371 372 373 374
[375] 375 376 377 378 379 380 381 382 383 384 385 386 387 388 389 390 391 392 393 394 395 396
[397] 397 398 399 400 401 402 403 404 405 406 407 408 409 410 411 412 413 414 415 416 417 418
[419] 419 420 421 422 423 424 425 426 427 428 429 430 431 432 433 434 435 436 437 438 439 440
[441] 441 442 443 444 445 446 447 448 449 450 451 452 453 454 455 456 457 458 459 460 461 462
[463] 463 464 465 466 467 468 469 470 471 472 473 474 475 476 477 478 479 480 481 482 483 484
[485] 485 486 487 488 489 490 491 492 493 494 495 496 497 498 499 500

summary_mc:
   estimator n_total n_ok   mean_theta         bias         sd       rmse    mean_se
1      Eff_P     500  500 -0.155137425 -0.155137425 0.13156710 0.20332954 0.03447344
2      Eff_S     500  500 -0.056440577 -0.056440577 0.04191453 0.07027697 0.04871811
3       Eff1     500  500 -0.005288473 -0.005288473 0.02307051 0.02364639 0.02475086
4 Eff1_union     500  500 -0.060235330 -0.060235330 0.07539805 0.09644579 0.06786608
5       Eff2     500  500 -0.005145697 -0.005145697 0.02434125 0.02485538 0.02606318
6 Eff2_union     500  500 -0.061014866 -0.061014866 0.07552859 0.09703593 0.06809348
7         NP     500  499 -0.004683899 -0.004683899 0.15633624 0.15624973 0.04191478
8       NP_P     500  500 -0.018167509 -0.018167509 0.05805796 0.06077864 0.02725553
9          P     500  500 -0.004442294 -0.004442294 0.09280901 0.09282251 0.09148825
  coverage
1  0.22000
2  0.87200
3  0.96000
4  0.85000
5  0.95200
6  0.85200
7  0.50501
8  0.61800
9  0.94000
